Blu0
1000	0000
1110	0000
0100	0000
0000	0000

Blu1
1000	0000
1100	0100
1000	0000
0000	0000

Blu2
1000	1000
1100	0000
1000	0000
0000	0000

Blu3
1000	0000
1100	0100
0000	0100
0000	0000

Wte0
0110	0000
1100	0000
1000	0000
0000	0000

Wte1
1000	0000
1100	1000
1000	0000
0000	0000

Wte2
1100	0000
1000	1000
0000	0000
0000	0000

Wte3
1100	0100
1000	0000
1000	0000
0000	0000

Wte4
1000	1000
1000	0000
1100	0000
0000	0000

Red0
1000	0000
1000	0000
1100	1000
0000	0000

Red1
0100	0000
1110	0000
0100	0000
0000	0000

Red2
1000	1000
1100	0000
0100	0000
0000	0000

Red3
1000	0000
1100	0100
0100	0000
0000	0000

