Blu0_21
0000	0000	0000	1000
0000	0000	0000	1110
0000	0000	0000	0100
0000	0000	0000	0000

Blu1_13
0000	0000	0000	0000
0000	0000	0000	0000
0000	0000	0100	0000
0000	0000	0100	1110

Blu2_11
0000	0000	0010	0111
0000	0000	0000	0001
0000	0000	0000	0000
0000	0000	0000	0000

Blu3_09
1000	1000	0000	0000
0000	1100	0100	0000
0000	0000	0000	0000
0000	0000	0000	0000

Red0_15
0000	0000	0000	0000
1000	0000	0000	0000
1000	0000	0000	0000
1100	1000	0000	0000

Red1_00
0000	0000	0000	0000
0000	0000	1000	0000
0000	1000	1000	1000
0000	0000	1000	0000

Red2_18
0010	0000	0000	0000
0011	0000	0000	0000
0001	0001	0000	0000
0000	0000	0000	0000

Red3_13
0000	0000	0000	0000
0000	0000	0001	0000
0000	0000	0001	0011
0000	0000	0000	0001

Wte0_01
0000	0000	0000	0000
0000	0010	0010	0000
0010	0010	0000	0000
0010	0000	0000	0000

Wte1_05
0001	0011	0001	0000
0000	0001	0000	0000
0000	0000	0000	0000
0000	0000	0000	0000

Wte2_05
0000	0000	0000	0000
0000	0000	0000	0000
0010	0010	0000	0000
0110	0000	0000	0000

Wte3_02
0000	0000	0000	0000
0000	0000	0000	0000
0000	0000	0010	0000
0001	0001	0011	0000

Wte4_05
0100	0100	1100	0000
0100	0000	0000	0000
0000	0000	0000	0000
0000	0000	0000	0000

